# H0 ln10_10A_s n_s omega_b Omega_m A_SZ alpha_SZ sigma_lnY
9.412588413243484498e-01 -2.744706434322803298e-02 -4.033844935879411482e-04 -6.721815975968535876e-05 1.590568319319471792e-03 1.064085074509468109e-04 2.888188357796164091e-03 -7.083238036005574771e-04
-2.744706434322803298e-02 1.461928541328187279e-03 -1.196644097657595569e-04 5.498418007386423572e-06 -3.100842270487647799e-05 -5.561471291566224629e-04 -4.460501410928860455e-04 1.176832939140486146e-05
-4.033844935879411482e-04 -1.196644097657595569e-04 1.892035094726828568e-04 1.927115069404951279e-06 -2.915113022234472041e-05 6.170872049665332742e-06 1.459894595224960512e-04 3.865901969630427522e-06
-6.721815975968535876e-05 5.498418007386423572e-06 1.927115069404951279e-06 3.829324926265007720e-06 -5.924070926372993021e-06 -5.944081543867855603e-06 2.711417506573521954e-06 1.501582521641072614e-06
1.590568319319471792e-03 -3.100842270487647799e-05 -2.915113022234472041e-05 -5.924070926372991327e-06 7.513223154269098661e-03 4.230479875556100863e-05 2.190861087349646181e-04 -1.185352374919962999e-04
1.064085074509468109e-04 -5.561471291566224629e-04 6.170872049665332742e-06 -5.944081543867855603e-06 4.230479875556100863e-05 5.759298522650021504e-04 2.155168620966236767e-04 -5.563937909185993419e-05
2.888188357796164091e-03 -4.460501410928860455e-04 1.459894595224960512e-04 2.711417506573521954e-06 2.190861087349646181e-04 2.155168620966236767e-04 1.040530925444470853e-03 -1.210503367710863339e-04
-7.083238036005575855e-04 1.176832939140485808e-05 3.865901969630427522e-06 1.501582521641072614e-06 -1.185352374919962999e-04 -5.563937909185993419e-05 -1.210503367710863339e-04 5.248654652763449146e-04
